4.370156 4.162231 4.134731 3.780087 3.640664 3.944894 4.021952 3.458132 3.783940 3.528843 2.643006 2.360767 2.504141 3.149677 1.965192 2.842486 2.481609 2.654027 2.409343 2.394116 2.803926 2.166523 2.840877 2.303582 2.167818 2.876411 1.592068 1.751280 2.934665 2.941482 2.140941 2.664334
4.045919 3.522944 4.494045 3.729308 3.583606 3.504908 4.070794 3.341459 3.889417 3.331451 2.879427 2.200161 2.780556 3.197640 1.978321 2.564102 2.420438 2.260713 2.552435 2.969386 2.508661 2.052964 2.388064 1.485453 2.181267 2.326544 2.074110 1.441155 3.154643 2.737870 2.160365 2.192388
4.474167 4.205427 3.867007 3.394998 4.364577 3.399975 3.083368 2.930919 3.015627 3.554241 2.862057 2.146538 2.606180 2.623609 2.487515 2.464491 2.499548 2.280810 2.288533 1.671755 1.944803 2.174929 1.922417 1.368373 1.381534 1.360851 0.821233 1.309198 2.143922 1.915098 2.188169 1.979993
4.233243 3.690465 3.214533 3.561877 4.345662 3.503045 3.405622 2.337360 2.946958 3.221501 2.399658 2.006157 2.516335 2.662508 2.241947 2.081001 2.336372 2.309691 1.852369 1.481728 2.014751 1.877234 1.594218 0.420641 1.340787 1.007133 1.445983 1.049430 2.063690 1.322400 1.966796 2.059971
3.744464 3.626279 3.688597 2.941609 4.267038 3.781134 3.096854 2.775199 2.576273 3.072928 2.494355 2.360399 2.769258 2.562620 2.029949 1.704814 2.167663 2.163808 1.813027 1.483574 1.961045 1.488335 1.316413 0.542589 0.539754 0.638561 0.675059 0.732481 1.662686 1.309221 2.036254 1.557292
4.125721 3.717359 3.464127 2.803422 4.283038 3.178877 2.994510 2.327629 2.691267 2.684973 2.708771 1.823926 2.483966 2.785556 1.809357 1.835822 2.032484 1.894052 1.270793 1.674215 2.022961 0.760728 1.283294 -0.004381 0.748534 0.088368 0.955385 0.076933 1.530113 1.585719 1.149550 1.128770
4.231233 4.292262 3.669809 2.553964 3.816123 3.134115 2.995625 3.082564 2.686418 2.781486 2.648111 2.612419 2.271582 2.273265 2.322856 1.528639 2.141932 1.698571 2.185919 1.518719 1.238383 0.836372 -0.170611 0.428085 -0.397380 -0.192692 0.221503 0.384943 0.815450 0.433898 1.019363 0.497527
4.162414 4.066425 3.571701 2.522565 3.485427 3.654256 2.863236 2.368267 2.645820 2.987864 2.638943 2.128933 2.100341 1.995659 1.903760 1.601810 1.556119 1.885962 1.553150 1.660057 0.669957 -0.103738 -0.738499 -0.663703 0.133515 -0.437517 0.201805 0.712615 0.555656 0.168950 0.691703 0.469542
3.910433 3.603162 3.701159 3.309652 3.046636 3.331279 2.922210 2.580497 2.574010 3.086679 2.029083 2.210815 2.351790 1.708950 2.095892 0.762357 1.597932 1.528006 0.603778 0.646467 -0.104922 -0.366702 -1.137813 -0.949472 -0.763846 -0.192761 -0.068012 -0.230948 0.304093 0.239481 0.457742 0.581622
4.361065 3.429284 3.609224 3.043262 3.111755 3.080078 2.902353 2.239550 2.534831 2.509828 1.905503 2.022998 2.220475 1.701231 1.587236 0.922880 1.481117 1.074622 0.316505 -0.001936 -0.420710 -0.706796 -0.503368 -1.316139 -0.090489 -0.112128 -0.394656 -0.451711 -0.258072 0.381433 -0.084498 0.373337
4.350700 4.536739 3.505613 2.950036 3.592614 2.883654 2.860383 2.532129 2.535447 2.270110 1.917813 1.636484 2.163830 1.659667 1.400484 0.635704 1.268709 0.651329 -0.512991 -0.318009 -0.367632 -0.180286 -0.635853 -0.742382 -0.289598 0.562725 -0.360272 -0.598191 0.802132 -0.296663 1.060036 -0.303794
4.395493 4.482996 3.758554 2.298379 3.454341 2.852181 2.676814 2.590030 2.235549 1.991206 1.790857 1.541686 1.709573 1.822444 1.161332 0.909094 0.849256 0.608099 -0.420209 -0.558211 -0.250276 -0.907969 -0.851506 -1.069046 0.198728 0.055682 -0.382531 -0.325111 0.482071 0.018596 0.869931 0.418974
4.741398 3.493688 4.136531 3.594875 3.597608 3.227233 2.877256 2.699575 2.397301 1.824158 2.325321 1.193381 1.737546 1.410028 1.199276 0.684695 0.804627 0.611566 -0.689300 -0.627571 -0.695881 -0.281348 -0.510849 -0.690529 -0.359421 -0.740019 -0.832108 -0.567777 -0.014872 -0.156831 0.848487 0.181998
4.335571 3.468531 3.483187 3.329937 3.381856 2.994636 2.752491 2.393355 2.294895 1.941656 1.950611 1.247010 1.370917 1.719374 0.938916 0.666760 0.646138 0.272227 -0.340626 -1.269993 -0.353138 -0.551883 -0.195705 -0.650122 -0.461019 -0.074831 -0.775393 -0.802516 -0.071534 -0.131800 0.687972 -0.016882
4.168163 4.254737 3.515439 3.576105 3.558393 3.012324 2.791499 2.066349 2.814292 2.391778 2.337259 1.148867 2.037944 1.266842 1.133191 0.656564 0.913893 0.402032 -0.662155 -0.949976 -0.308817 -0.656897 -0.618009 -0.896120 -0.374615 -0.344048 -0.938254 -0.444912 0.384191 0.110246 0.311673 0.251457
4.211342 3.797133 3.937773 3.269484 3.480082 3.145403 2.484000 1.801843 2.410828 2.336779 2.036739 1.684988 1.653775 1.527246 1.499690 0.837193 0.787558 0.273722 -0.168559 -0.867152 0.006660 -0.520149 -0.620208 -0.838250 -0.179563 -0.816560 -0.939003 -0.420971 0.633345 0.350587 0.152489 0.392012
4.495022 4.457810 4.323404 3.544413 4.018556 2.812390 2.762814 2.305760 3.184634 2.232738 2.348952 1.293991 1.989964 1.195735 1.518554 1.128426 0.661662 0.562190 0.056568 -0.231124 -0.419081 0.248560 -0.261425 -0.790703 0.535643 -0.125808 -0.627071 -0.724203 -0.069433 -0.289729 0.488628 0.428538
4.222853 4.254618 4.380441 3.178093 3.933596 3.050081 2.852339 2.215226 3.033873 2.366666 2.143621 1.635126 1.770517 2.056394 1.063490 0.753951 0.719393 0.347344 -0.023079 -0.824445 -0.346991 -0.074488 -0.008934 -0.928371 0.458213 -0.532443 -0.834436 -0.815958 -0.123001 -0.377539 0.415964 -0.335152
5.640202 4.299762 4.130023 3.172223 3.746381 2.708302 3.219625 2.717912 3.119770 2.134745 2.386551 0.825576 2.115994 1.705412 1.464910 0.918654 0.769172 0.391623 -0.699516 -0.260540 0.415669 0.373584 -0.362110 -0.415084 -0.080694 0.355180 -0.934329 -0.216280 -0.020927 0.333068 -0.298570 0.069357
5.204257 4.395152 4.291867 3.406758 3.642621 2.837952 3.185112 2.443128 2.965585 1.943256 1.943439 1.364781 1.558426 1.695367 0.918004 0.539768 1.252376 0.284805 -0.579107 -0.304775 0.584206 0.181024 -0.376297 -0.811147 0.218511 0.201422 -0.667573 -0.416991 -0.096052 -0.352614 0.265926 0.137248
5.483521 4.494940 4.209318 4.167587 3.620897 3.458226 2.696762 2.648094 3.074128 2.420132 2.103812 1.267083 2.367229 1.556830 1.325119 0.556479 0.890270 0.961485 0.396914 0.284877 0.054514 0.270147 -0.149112 -0.420814 0.355953 -0.710471 -0.667944 -0.503680 0.664557 0.751380 0.518010 0.359981
5.545412 4.639835 4.035120 4.315246 3.996821 2.908344 2.565840 2.436207 2.613017 2.756245 1.877077 1.438355 1.785417 2.095768 1.416582 0.442551 1.317769 1.026496 0.665201 0.298961 0.421635 0.057166 0.298030 -0.888730 -0.240805 -0.359285 -0.731625 -0.819652 0.386055 0.493059 0.350120 0.384928
5.106284 5.077345 4.783774 3.711972 3.758047 2.831797 3.054622 2.359997 3.159386 2.086268 2.358591 1.184094 2.264337 1.872588 1.150616 0.666735 1.168033 0.527729 0.567490 0.154547 0.629307 0.840194 0.729482 0.340335 0.589355 -0.456000 -0.303396 -0.687257 -0.127745 0.840858 0.023394 0.068612
5.207580 5.109595 4.726805 3.338127 3.687336 3.198151 3.193772 2.139885 2.602072 1.814609 2.281229 1.202106 1.801583 1.317214 0.574519 0.464792 0.841514 0.638821 0.408182 -0.538233 0.592567 0.749094 0.668210 0.187020 0.840969 0.103977 0.009165 -1.279483 0.140311 0.836173 -0.173636 -0.171851
